0 0 0 0
55 88
56 101
58 115
61 129
69 140
80 150
92 157
104 162
114 163
123 161
130 154
137 146
143 136
147 126
149 114
151 102
151 91
73 80
83 76
93 75
103 75
112 80
125 81
131 77
139 76
145 78
150 83
119 90
120 100
121 111
122 120
110 124
114 126
119 128
123 126
127 124
86 88
92 86
99 87
104 91
98 92
91 92
126 92
131 88
137 87
142 90
138 92
132 93
99 135
107 135
115 134
119 136
123 135
127 135
132 136
127 141
123 143
118 144
114 144
107 141
101 136
114 138
119 139
123 138
130 136
123 138
119 139
114 138
