0 0 0 0
283 7
373 55
381 55
381 63
373 63
253 39
149 81
233 64
328 77
253 101
165 250
254 295
317 242
349 109
256 0
283 0
253 172
252 195
319 201
190 263
183 247
328 81
327 115
323 162
253 332
218 277
422 85
422 42
373 31
373 70
192 46
181 126
249 144
188 111
188 122
213 112
214 125
240 124
233 135
191 90
236 97
287 90
287 71
196 71
260 143
267 135
278 122
298 109
306 107
312 107
321 116
310 91
254 120
273 171
280 186
256 275
269 269
285 244
297 233
317 203
268 285
284 271
293 262
296 259
254 255
253 275
269 69
266 205
267 216
294 180
294 192
315 167
311 183
263 166
266 171
271 176
283 157
293 152
303 145
307 146
316 141
312 159
324 138
285 45
325 56
153 138
155 154
157 175
159 193
160 199
160 208
161 219
0 0
0 332
423 0
423 332
