0 0 0 0
378 14
465 67
474 67
474 74
465 77
343 50
122 86
230 72
295 90
174 110
143 247
194 307
292 264
390 126
351 4
379 4
181 180
182 207
292 220
156 263
151 248
295 95
295 130
294 181
195 332
171 280
499 100
499 50
467 40
466 88
264 54
140 129
176 152
141 114
142 127
154 118
155 132
170 132
167 142
145 96
164 104
224 101
261 80
180 77
188 152
197 146
211 134
246 121
260 120
269 120
287 131
264 104
177 131
211 184
224 198
195 286
214 283
236 261
260 252
289 221
212 300
237 288
252 281
256 280
188 257
191 287
249 78
202 217
204 229
245 195
246 208
282 186
274 202
196 176
199 182
207 188
224 170
242 165
257 158
264 160
279 157
275 175
295 153
365 55
412 71
127 139
129 155
131 174
134 192
135 200
136 206
137 215
0 0
0 332
499 0
499 332
