0 0 0 0
96 167
97 199
100 230
106 259
122 285
148 305
179 320
210 331
237 336
258 331
272 316
280 297
288 276
294 255
299 234
302 212
301 189
149 146
169 133
193 130
217 133
237 142
261 146
275 143
289 145
300 149
305 159
251 165
255 180
259 196
263 213
231 230
242 234
253 238
261 236
267 232
175 164
189 159
203 159
213 169
201 171
188 170
263 175
276 169
287 170
293 179
286 182
274 180
203 266
225 259
241 255
251 260
260 258
270 264
276 273
267 281
256 283
247 282
236 281
221 275
212 266
240 265
249 267
258 267
272 272
257 267
249 268
239 266
