0 0 0 0
267 150
32 152
215 81
216 103
228 137
52 111
187 59
96 73
154 52
99 106
189 98
147 88
45 204
46 223
49 243
52 262
60 279
74 291
97 296
123 297
152 296
181 295
206 292
226 286
238 274
244 256
245 237
246 218
247 198
64 160
76 144
93 135
114 132
134 136
156 136
175 130
194 132
212 140
224 154
146 154
146 161
147 167
147 174
128 200
138 200
148 201
158 200
168 199
82 172
92 161
106 160
119 170
107 171
93 172
171 168
183 158
197 158
207 168
197 169
184 168
112 240
125 223
139 215
149 217
158 215
173 223
187 240
173 242
159 244
149 244
139 244
126 243
118 238
139 229
149 229
158 229
181 238
158 229
149 229
139 229
