0 0 0 0
69 193
72 217
79 240
87 262
94 285
103 308
113 328
128 344
149 349
176 344
201 330
224 311
243 289
257 263
264 235
265 204
264 174
63 162
70 153
82 151
96 153
110 158
142 157
160 149
179 145
200 144
220 150
126 178
125 195
123 213
121 232
115 246
121 251
129 254
140 250
150 246
81 183
87 174
99 174
112 184
99 188
87 188
162 181
171 170
185 169
199 176
187 183
173 183
108 286
115 279
124 275
133 278
141 275
158 278
181 283
161 294
145 299
135 300
126 299
117 294
113 286
125 284
134 286
143 284
174 284
143 284
134 286
124 284
