0 0 0 00
300 121
13 123
247 63
249 91
269 191
30 97
217 46
85 47
147 25
83 130
214 124
152 118
39 210
44 245
49 280
57 311
70 339
90 367
112 393
137 413
168 418
197 410
219 386
238 359
254 330
265 301
270 269
272 237
270 202
52 223
69 208
93 208
115 213
137 224
182 219
204 208
225 201
248 198
265 209
162 241
164 268
166 296
168 323
131 317
147 326
166 335
184 325
198 314
81 240
96 237
112 238
128 244
112 248
96 248
191 241
207 232
223 230
238 231
225 240
209 242
100 325
126 335
147 341
164 344
181 340
201 332
224 320
204 351
184 367
165 371
147 369
125 355
109 330
147 346
164 348
182 344
216 327
183 350
164 355
147 352
