30 1 180 199
211 101
94 11
187 23
192 34
199 46
205 57
207 69
211 79
212 90
105 7
115 4
125 3
136 4
149 4
159 8
169 14
178 17
72 163
163 175
173 168
185 156
193 146
198 134
203 124
208 113
81 169
93 175
102 180
113 184
127 186
139 185
147 184
154 179
88 66
86 65
91 56
89 61
87 70
87 74
83 64
86 59
83 71
74 49
72 57
72 67
73 85
71 75
66 57
65 66
66 82
65 74
163 82
195 100
185 91
189 86
194 91
183 107
187 114
193 109
187 100
161 114
134 93
134 79
147 77
161 86
148 82
128 103
144 115
161 110
144 111
130 93
82 87
91 89
105 91
85 78
109 76
120 78
120 84
121 88
121 94
83 101
106 108
116 107
119 103
121 99
111 92
84 118
81 119
84 109
84 114
83 122
84 127
77 117
80 114
79 124
72 102
68 109
67 120
67 130
68 140
64 105
61 116
61 127
63 134
