400 182 478 478
867 419
468 175
749 228
775 246
798 267
819 292
838 318
854 348
864 381
501 175
533 176
565 178
596 183
627 188
659 194
690 202
720 213
444 649
738 613
765 595
790 573
813 548
834 521
851 491
863 457
478 652
511 654
544 654
577 653
610 650
644 645
676 639
708 628
507 298
491 299
495 256
503 275
504 324
500 347
472 300
478 274
481 326
457 215
442 248
436 282
453 354
443 317
429 243
420 281
440 356
425 321
679 301
762 419
718 353
720 328
751 364
712 480
711 503
745 471
732 418
667 527
691 414
674 392
674 347
684 318
686 358
672 436
667 481
674 510
679 470
677 414
482 401
525 403
568 406
498 369
584 355
620 339
633 361
638 385
645 411
494 436
577 459
610 478
626 459
633 437
611 408
498 516
481 509
493 466
496 490
493 540
483 557
462 513
472 486
467 539
452 442
435 479
422 518
426 557
446 595
437 436
417 472
407 516
415 561
