186 41 226 226
412 162
217 39
357 66
370 75
381 86
391 99
400 112
407 127
411 144
234 39
250 40
265 41
281 43
296 45
312 48
328 52
343 58
197 252
341 249
355 242
368 233
380 222
392 210
401 196
408 180
213 255
229 257
245 258
261 258
277 258
293 258
309 258
325 254
227 100
221 99
227 80
228 89
225 110
222 119
216 99
220 88
217 110
223 58
215 71
209 86
205 121
205 103
204 66
194 82
193 120
191 102
324 107
342 159
329 133
334 122
340 139
325 181
328 192
337 178
330 158
315 202
323 157
315 146
319 127
324 115
323 133
314 167
314 185
317 196
319 180
317 157
214 144
235 146
256 147
222 130
260 125
278 117
286 127
289 138
292 151
218 160
255 173
271 185
281 175
286 164
277 149
218 190
212 190
218 170
218 180
217 199
214 208
207 188
210 178
209 199
199 162
196 180
197 198
199 215
203 232
188 161
183 179
182 200
188 219
