121 24 267 267
382 158
152 23
309 56
323 67
336 79
348 92
361 105
372 120
380 137
171 23
189 23
207 24
224 27
242 30
260 34
277 39
293 47
149 289
305 259
320 249
333 237
346 224
359 211
371 196
379 179
168 289
185 288
203 286
220 284
237 280
255 277
272 273
289 267
182 93
168 95
170 67
178 78
181 109
177 124
156 96
159 79
163 113
138 39
140 60
143 81
154 124
147 103
130 60
130 83
145 127
136 107
296 95
330 158
307 126
312 113
325 132
305 186
310 198
324 182
311 157
293 213
309 158
297 145
298 121
298 105
305 126
296 169
296 191
296 205
304 186
300 157
168 156
197 156
226 157
176 139
234 130
256 122
267 132
271 145
276 158
176 174
233 184
256 193
266 184
270 172
256 157
180 220
166 219
175 189
178 204
176 234
168 244
157 218
162 202
160 233
151 181
144 203
138 225
134 246
131 268
143 179
135 201
128 222
124 245
