195 49 220 220
416 149
215 50
347 74
360 81
373 89
385 98
396 108
406 119
413 133
230 49
245 50
260 51
275 53
289 56
304 60
319 63
333 68
203 257
350 244
364 235
377 225
389 213
400 200
409 185
414 168
219 259
236 261
252 261
268 261
285 260
302 258
319 255
335 250
232 93
225 93
230 73
232 82
231 103
229 113
221 93
223 82
223 104
220 53
217 67
214 82
218 114
214 98
205 63
200 80
208 115
202 99
339 106
352 145
338 125
346 116
351 129
335 166
341 176
348 162
338 144
332 188
336 144
328 134
332 119
339 111
337 125
327 153
328 171
333 182
333 166
329 144
220 139
243 139
265 139
228 125
275 118
296 112
302 121
304 131
306 142
226 155
273 165
292 172
299 163
302 153
288 139
226 193
219 193
225 172
226 182
224 203
221 211
215 191
218 181
216 202
213 159
209 177
208 195
209 212
210 229
204 158
198 175
195 195
198 214
