50 7 274 373
411 163
150 16
394 97
400 107
409 115
420 122
421 132
420 145
418 154
178 7
210 7
250 13
279 33
294 54
316 66
339 76
368 82
136 266
389 224
400 217
410 209
417 201
421 190
418 182
414 174
164 280
199 280
230 271
261 254
288 242
315 236
341 236
366 234
171 65
154 65
158 45
166 54
169 76
159 81
144 67
148 54
147 78
119 39
121 54
126 69
141 97
134 83
114 52
113 70
128 107
120 88
378 93
370 160
379 115
392 106
375 133
369 208
386 214
372 192
356 160
350 230
353 160
353 136
372 113
367 95
377 115
351 186
361 203
352 223
367 209
339 158
149 139
182 140
222 144
161 103
244 96
272 94
296 123
305 140
309 154
156 178
233 196
261 204
287 188
302 163
267 149
158 208
142 205
146 192
155 197
151 219
140 233
134 205
138 197
134 217
138 177
129 192
121 212
118 233
115 250
121 168
117 186
112 207
109 228
