332 121 539 539
857 328
405 127
713 147
746 157
776 173
803 194
825 221
841 252
852 288
441 124
476 123
509 124
542 125
576 128
610 132
644 136
679 140
411 659
751 593
779 565
803 533
822 497
838 458
849 417
856 373
451 662
491 663
529 661
567 658
606 652
645 644
683 634
718 617
445 241
427 250
427 200
439 218
444 265
441 287
410 245
414 219
419 271
371 165
367 194
369 225
392 288
378 257
347 193
344 229
374 295
355 265
686 252
736 324
693 288
709 267
727 290
698 374
717 399
732 365
699 325
694 426
680 324
653 302
667 273
686 263
680 288
655 346
672 387
693 411
684 372
660 323
422 342
465 337
508 333
440 307
534 287
575 273
588 290
593 310
600 332
443 379
536 388
578 402
590 381
594 357
551 329
448 475
432 483
444 422
446 448
445 501
439 524
417 473
425 445
423 502
391 404
380 443
377 484
384 523
395 562
370 400
353 439
347 485
360 530
