60 26 174 174
231 135
105 34
199 66
208 74
215 82
221 91
226 100
230 111
231 122
116 35
127 37
138 38
149 41
160 44
171 48
181 53
190 59
75 165
173 180
184 178
194 175
204 170
212 163
220 156
226 146
85 169
95 173
106 176
116 179
127 181
139 182
150 183
162 182
99 74
97 73
102 61
100 67
97 80
95 86
94 73
97 66
94 80
86 49
81 58
77 67
73 87
74 77
76 55
69 64
67 86
67 76
176 107
194 125
183 114
186 110
193 116
179 130
180 135
189 133
185 123
170 133
155 115
148 107
161 103
175 109
163 108
146 118
155 129
170 131
159 126
147 113
86 102
97 104
107 106
93 94
116 97
127 96
129 101
129 106
129 111
89 111
111 120
121 125
125 121
127 117
118 109
85 132
83 132
87 121
86 127
84 138
84 144
81 131
83 126
81 138
70 112
69 122
69 132
70 141
71 150
65 112
63 121
62 132
64 142
